1.000000000 0.000000000 0.000000000 0.000000000 0.000000000 1.000000000 0.000000000 0.000000000 0.000000000 0.000000000 1.000000000 0.000000000
0.999997735 -0.001587038 -0.001426953 -0.003945305 0.001585690 0.999998271 -0.000945276 -0.008014653 0.001428451 0.000943011 0.999998510 0.559290349
0.999995351 -0.001837828 -0.002440122 -0.006507321 0.001831629 0.999995112 -0.002540213 -0.017948899 0.002444778 0.002535731 0.999993801 1.112323880
0.999988019 -0.002394072 -0.004263415 -0.016040903 0.002379544 0.999991357 -0.003409388 -0.037255000 0.004271541 0.003399202 0.999985099 1.676310062
0.999971449 -0.004114031 -0.006342655 -0.017753387 0.004078603 0.999976039 -0.005588456 -0.040766764 0.006365494 0.005562427 0.999964297 2.250091076
0.999946475 -0.007024742 -0.007598347 -0.027698630 0.006970967 0.999950647 -0.007080701 -0.064490668 0.007647712 0.007027354 0.999946058 2.803644419
0.999926209 -0.008243001 -0.008922553 -0.037531249 0.008173693 0.999936342 -0.007776485 -0.076175615 0.008986087 0.007702982 0.999929965 3.373901606
0.999911785 -0.008354297 -0.010324704 -0.047730427 0.008281829 0.999940932 -0.007041801 -0.089576632 0.010382922 0.006955673 0.999921918 3.953186750
0.999898732 -0.008597215 -0.011343040 -0.058912728 0.008512205 0.999935508 -0.007521523 -0.103730403 0.011406972 0.007424207 0.999907374 4.546438694
0.999892056 -0.008009063 -0.012315624 -0.074688204 0.007884149 0.999917328 -0.010158105 -0.120215453 0.012395963 0.010059910 0.999872565 5.138741016
0.999884427 -0.006215379 -0.013874132 -0.082838759 0.006019994 0.999882758 -0.014080287 -0.134853914 0.013960020 0.013995138 0.999804616 5.749294758
0.999873936 -0.005150784 -0.015020681 -0.097904436 0.004886022 0.999832988 -0.017610205 -0.150242105 0.015108879 0.017534593 0.999732077 6.356070995
0.999862850 -0.003327312 -0.016225476 -0.111375779 0.003043510 0.999842525 -0.017484570 -0.164305806 0.016281096 0.017432788 0.999715447 6.981517315
0.999850392 -0.000868786 -0.017274173 -0.128924057 0.000681822 0.999941170 -0.010826238 -0.171298549 0.017282562 0.010812840 0.999792159 7.622811317
0.999844730 0.000336505 -0.017619623 -0.156790510 -0.000344405 0.999999821 -0.000445324 -0.185392037 0.017619470 0.000451324 0.999844670 8.295429230
0.999818265 0.000927841 -0.019040806 -0.166082829 -0.000807341 0.999979615 0.006335201 -0.198592886 0.019046295 -0.006318678 0.999798656 8.991949081
0.999784350 0.003712918 -0.020431370 -0.182942644 -0.003605686 0.999979556 0.005282727 -0.214193612 0.020450566 -0.005207919 0.999777317 9.677350998
0.999768317 0.005353498 -0.020848392 -0.208572909 -0.005390635 0.999983966 -0.001725505 -0.220821500 0.020838819 0.001837492 0.999781132 10.362191200
0.999744356 0.005326675 -0.021974776 -0.234287873 -0.005494807 0.999956012 -0.007597866 -0.225670025 0.021933338 0.007716671 0.999729633 11.077719688
0.999725044 0.002485276 -0.023316735 -0.248018026 -0.002627805 0.999978065 -0.006084113 -0.225759402 0.023301102 0.006143712 0.999709606 11.822555542
0.999718726 0.001392019 -0.023675011 -0.269038796 -0.001316446 0.999993980 0.003207385 -0.233358964 0.023679335 -0.003175316 0.999714553 12.588063240
0.999713182 0.001295503 -0.023913410 -0.295795500 -0.001044682 0.999944329 0.010498253 -0.237843812 0.023925679 -0.010470260 0.999658883 13.371877670
0.999697506 0.000757816 -0.024581760 -0.317547709 -0.000434517 0.999913394 0.013154658 -0.245753020 0.024589600 -0.013139998 0.999611259 14.165719032
0.999699414 -0.001138819 -0.024490075 -0.344441116 0.001437337 0.999924839 0.012175193 -0.247445703 0.024474369 -0.012206734 0.999625921 14.977656364
0.999717474 -0.001461749 -0.023722921 -0.371119797 0.001689965 0.999952435 0.009602896 -0.243559822 0.023707757 -0.009640274 0.999672472 15.799150467
0.999726832 0.000855223 -0.023356028 -0.397000581 -0.000710787 0.999980569 0.006191720 -0.242982537 0.023360869 -0.006173428 0.999708056 16.646068573
0.999746144 -0.002274863 -0.022415500 -0.417416155 0.002292149 0.999997079 0.000745483 -0.250217170 0.022413738 -0.000796673 0.999748468 17.500534058
0.999751866 -0.004954034 -0.021718685 -0.432217807 0.004836050 0.999973297 -0.005481533 -0.261521876 0.021745259 0.005375140 0.999749124 18.392255783
0.999788344 -0.003596718 -0.020255836 -0.462067068 0.003376952 0.999935210 -0.010873294 -0.271928221 0.020293631 0.010802589 0.999735713 19.280809402
0.999792814 -0.002282645 -0.020228045 -0.486945421 0.002046626 0.999929667 -0.011680941 -0.288805455 0.020253286 0.011637121 0.999727130 20.197416306
0.999783695 -0.002226757 -0.020679329 -0.508507431 0.001995702 0.999935448 -0.011187169 -0.306111544 0.020702904 0.011143479 0.999723554 21.129755020
0.999784827 -0.000847608 -0.020727206 -0.526127160 0.000585605 0.999919891 -0.012643334 -0.331359774 0.020736262 0.012628474 0.999705195 22.066610336
0.999785662 0.001918652 -0.020614482 -0.553675354 -0.002220303 0.999890685 -0.014620022 -0.351877809 0.020584177 0.014662659 0.999680579 23.016033173
0.999767959 0.005312440 -0.020877212 -0.583639443 -0.005631334 0.999867916 -0.015245735 -0.375474334 0.020793462 0.015359764 0.999665797 23.981441498
0.999759376 0.007604421 -0.020575250 -0.618345976 -0.007923134 0.999849200 -0.015453176 -0.401422322 0.020454634 0.015612478 0.999668896 24.962314606
0.999743640 0.007938502 -0.021204339 -0.636869431 -0.008267428 0.999846160 -0.015469844 -0.429389030 0.021078270 0.015641185 0.999655485 25.944049835
0.999744773 0.008228842 -0.021039493 -0.666661561 -0.008554602 0.999844193 -0.015440429 -0.455889463 0.020909159 0.015616472 0.999659419 26.939136505
0.999730110 0.009629929 -0.021141974 -0.703002930 -0.009934328 0.999847829 -0.014340426 -0.485705137 0.021000659 0.014546586 0.999673605 27.946086884
0.999712169 0.009968671 -0.021822384 -0.715753257 -0.010238182 0.999872267 -0.012273528 -0.512304604 0.021697246 0.012493417 0.999686539 28.941513062
0.999702632 0.010697021 -0.021912716 -0.749612451 -0.010940962 0.999879181 -0.011042926 -0.539372861 0.021791942 0.011279388 0.999698877 29.960365295
0.999698222 0.010669135 -0.022127816 -0.776575208 -0.010934694 0.999869227 -0.011915059 -0.569005847 0.021997800 0.012153424 0.999684155 30.983766556
0.999668598 0.011928544 -0.022813329 -0.794877291 -0.012228126 0.999840260 -0.013037733 -0.593252420 0.022654165 0.013312376 0.999654710 32.037548065
0.999678433 0.011383115 -0.022659555 -0.835052669 -0.011654066 0.999861717 -0.011861525 -0.624085724 0.022521401 0.012121785 0.999672890 33.054950714
0.999667108 0.010816344 -0.023423685 -0.859823763 -0.011042039 0.999893665 -0.009527540 -0.645122826 0.023318140 0.009783014 0.999680221 34.102775574
0.999650240 0.011515521 -0.023808284 -0.888948381 -0.011654215 0.999915898 -0.005694882 -0.667625606 0.023740701 0.005970357 0.999700308 35.162113190
0.999638319 0.011384917 -0.024364334 -0.918723464 -0.011468546 0.999928832 -0.003295419 -0.692842364 0.024325082 0.003573650 0.999697685 36.232913971
0.999623597 0.011247107 -0.025023943 -0.946288824 -0.011326068 0.999931335 -0.003015934 -0.710169733 0.024988303 0.003298222 0.999682307 37.310192108
0.999619842 0.010921103 -0.025316147 -0.978327215 -0.011037654 0.999929070 -0.004468678 -0.728194952 0.025265548 0.004746410 0.999669492 38.383983612
0.999591410 0.011021660 -0.026372269 -1.012185931 -0.011161734 0.999924362 -0.005170112 -0.746724129 0.026313290 0.005462361 0.999638796 39.477527618
0.999585927 0.010680066 -0.026719132 -1.054055333 -0.010794440 0.999933183 -0.004140036 -0.765666366 0.026673131 0.004426740 0.999634385 40.555896759
0.999558091 0.011133418 -0.027561048 -1.085620761 -0.011191413 0.999935448 -0.001950856 -0.787936389 0.027537551 0.002258441 0.999618232 41.654731750
0.999546111 0.011509407 -0.027839888 -1.128031373 -0.011495003 0.999933720 0.000677391 -0.808373749 0.027845839 -0.000357064 0.999612153 42.734455109
0.999511659 0.012741181 -0.028532324 -1.160289049 -0.012727179 0.999918759 0.000672315 -0.831697524 0.028538574 -0.000308851 0.999592662 43.825084686
0.999485433 0.013951747 -0.028882358 -1.204275012 -0.014047253 0.999896526 -0.003106440 -0.853544533 0.028836029 0.003510560 0.999577999 44.905918121
0.999463558 0.015078435 -0.029072816 -1.231734872 -0.015301063 0.999855161 -0.007450395 -0.872016311 0.028956264 0.007891243 0.999549508 45.995780945
0.999455154 0.015204977 -0.029295161 -1.267052770 -0.015428782 0.999853373 -0.007428795 -0.899224460 0.029177912 0.007876735 0.999543190 47.080074310
0.999457479 0.016095143 -0.028734958 -1.308472157 -0.016247444 0.999855101 -0.005074610 -0.919989347 0.028649118 0.005538727 0.999574184 48.169158936
0.999446690 0.016431890 -0.028919311 -1.341635227 -0.016520813 0.999859512 -0.002838648 -0.946484506 0.028868603 0.003314848 0.999577701 49.265632629
0.999471009 0.014445078 -0.029139185 -1.372367382 -0.014488866 0.999894202 -0.001292104 -0.972617328 0.029117437 0.001713614 0.999574542 50.372013092
0.999491632 0.014444347 -0.028423145 -1.413023949 -0.014508033 0.999892652 -0.002035698 -0.995892763 0.028390691 0.002447027 0.999593914 51.455966949
0.999496162 0.013603030 -0.028677687 -1.436122775 -0.013731593 0.999896526 -0.004290892 -1.009637237 0.028616350 0.004682520 0.999579489 52.548995972
0.999506414 0.013925332 -0.028159840 -1.475907683 -0.014109400 0.999880314 -0.006348460 -1.036035538 0.028068066 0.006742645 0.999583244 53.649581909
0.999528706 0.013158201 -0.027734444 -1.523515821 -0.013403835 0.999872386 -0.008689395 -1.070114493 0.027616568 0.009057048 0.999577582 54.755802155
0.999552011 0.011911475 -0.027456474 -1.557981372 -0.012249933 0.999850631 -0.012191992 -1.097828746 0.027307149 0.012522870 0.999548674 55.837108612
0.999575794 0.010459280 -0.027180484 -1.590648532 -0.010834851 0.999847353 -0.013707329 -1.134934306 0.027032966 0.013996011 0.999536574 56.924163818
0.999598742 0.009140481 -0.026811188 -1.630183816 -0.009448557 0.999890506 -0.011386480 -1.165734172 0.026704175 0.011635238 0.999575675 58.022258759
0.999617457 0.006752624 -0.026821397 -1.656918287 -0.006902926 0.999960959 -0.005515184 -1.188351154 0.026783107 0.005698220 0.999625027 59.119747162
0.999625206 0.005061512 -0.026904160 -1.684061885 -0.005050631 0.999987125 0.000472368 -1.211083889 0.026906205 -0.000336308 0.999637902 60.207904816
0.999636710 0.003774654 -0.026687466 -1.713796854 -0.003747994 0.999992430 0.001048935 -1.228181005 0.026691223 -0.000948529 0.999643266 61.292079926
0.999657154 0.000408038 -0.026179621 -1.747493982 -0.000458505 0.999998033 -0.001921750 -1.246371150 0.026178785 0.001933095 0.999655426 62.404594421
0.999646485 -0.001534767 -0.026543785 -1.774224520 0.001388454 0.999983728 -0.005529668 -1.258227110 0.026551841 0.005490859 0.999632359 63.489833832
0.999654531 0.000959242 -0.026266223 -1.817683697 -0.001195308 0.999959052 -0.008973189 -1.294395685 0.026256541 0.009001485 0.999614716 64.577476501
0.999658048 0.000858368 -0.026135692 -1.851382494 -0.001209709 0.999909103 -0.013430122 -1.319867730 0.026121790 0.013457146 0.999568164 65.677436829
0.999670029 0.004184652 -0.025344701 -1.886803627 -0.004551394 0.999885499 -0.014429837 -1.340280056 0.025281416 0.014540429 0.999574602 66.770088196
0.999673426 0.007637246 -0.024387930 -1.934919477 -0.007893945 0.999914289 -0.010446802 -1.375504375 0.024306053 0.010635907 0.999647975 67.874107361
0.999657929 0.009149011 -0.024502251 -1.961156726 -0.009356813 0.999921083 -0.008379728 -1.408433795 0.024423653 0.008606124 0.999664664 68.984512329
0.999663353 0.008211816 -0.024611687 -1.990455270 -0.008393702 0.999938130 -0.007296033 -1.436213851 0.024550252 0.007500160 0.999670446 70.081054688
0.999666989 0.007021398 -0.024832238 -2.018337488 -0.007193252 0.999950767 -0.006838013 -1.459407210 0.024783002 0.007014361 0.999668241 71.189834595
0.999675691 0.005888302 -0.024775138 -2.051735163 -0.006024359 0.999967158 -0.005420607 -1.485242486 0.024742406 0.005568103 0.999678373 72.270309448
0.999678433 0.004466356 -0.024962556 -2.085357428 -0.004555409 0.999983430 -0.003511751 -1.504838109 0.024946459 0.003624337 0.999682248 73.365707397
0.999652684 0.003132398 -0.026167650 -2.108190775 -0.003179753 0.999993384 -0.001768265 -1.531933665 0.026161939 0.001850857 0.999656022 74.458900452
0.999651313 0.002716329 -0.026264571 -2.145338058 -0.002790821 0.999992192 -0.002799956 -1.565557957 0.026256759 0.002872279 0.999651134 75.560554504
0.999633253 0.002791042 -0.026937462 -2.175697088 -0.002969351 0.999973953 -0.006581656 -1.589487076 0.026918391 0.006659229 0.999615431 76.638801575
0.999614179 0.003600856 -0.027541118 -2.214852095 -0.003844731 0.999953806 -0.008807119 -1.611734867 0.027508132 0.008909609 0.999581873 77.721900940
0.999588251 0.005392578 -0.028182141 -2.253602743 -0.005587831 0.999960899 -0.006854095 -1.645121574 0.028144078 0.007008750 0.999579310 78.799774170
0.999560535 0.006059765 -0.029016824 -2.290529728 -0.006143899 0.999977171 -0.002811214 -1.663958788 0.028999127 0.002988256 0.999574959 79.879676819
0.999543011 0.007742933 -0.029220887 -2.330456972 -0.007701989 0.999969184 0.001513490 -1.693458438 0.029231705 -0.001287739 0.999571860 80.955413818
0.999519587 0.008952322 -0.029673235 -2.376896858 -0.008899888 0.999958575 0.001898659 -1.708746314 0.029689005 -0.001633659 0.999557853 82.020416260
0.999511421 0.008387752 -0.030109325 -2.417648554 -0.008396870 0.999964714 -0.000176406 -1.727114439 0.030106783 0.000429144 0.999546587 83.089965820
0.999489427 0.008466749 -0.030808358 -2.452008963 -0.008492622 0.999963701 -0.000709016 -1.754105330 0.030801237 0.000970298 0.999525070 84.165061951
0.999483347 0.007769880 -0.031187454 -2.493768692 -0.007796533 0.999969363 -0.000733066 -1.775752664 0.031180803 0.000975841 0.999513268 85.215644836
0.999461174 0.006705775 -0.032130435 -2.529713631 -0.006720010 0.999977350 -0.000335086 -1.796306610 0.032127462 0.000550822 0.999483645 86.244461060
0.999443889 0.005464500 -0.032894857 -2.552951574 -0.005443910 0.999984920 0.000715473 -1.815311551 0.032898270 -0.000535998 0.999458551 87.283119202
0.999430358 0.005945745 -0.033220854 -2.596081495 -0.005836493 0.999977231 0.003384668 -1.836516142 0.033240221 -0.003188847 0.999442279 88.288688660
0.999404013 0.004571464 -0.034216117 -2.638727427 -0.004415453 0.999979496 0.004633743 -1.856140971 0.034236599 -0.004479902 0.999403715 89.264373779
0.999330282 0.003675428 -0.036407057 -2.675021887 -0.003518471 0.999984264 0.004374286 -1.871386766 0.036422562 -0.004243259 0.999327481 90.243095398
0.999211133 0.002820559 -0.039613016 -2.720157623 -0.002680405 0.999989986 0.003590743 -1.890880585 0.039622746 -0.003481731 0.999208629 91.172256470
0.999072790 0.002803257 -0.042962261 -2.770671368 -0.002704248 0.999993563 0.002362526 -1.905614257 0.042968605 -0.002244155 0.999073923 92.090545654
0.998931110 0.002797479 -0.046138607 -2.810882568 -0.002664643 0.999992132 0.002940320 -1.926290035 0.046146467 -0.002814234 0.998930693 92.993324280
0.998776972 0.003828664 -0.049294464 -2.858922005 -0.003631951 0.999985099 0.004079519 -1.942953348 0.049309351 -0.003895494 0.998775959 93.859359741
0.998623133 0.004337249 -0.052278016 -2.916628599 -0.004069320 0.999978065 0.005230437 -1.960936308 0.052299555 -0.005010500 0.998618901 94.707336426
0.998444200 0.005395061 -0.055498756 -2.964506388 -0.005025035 0.999964237 0.006804679 -1.974816561 0.055533484 -0.006515209 0.998435557 95.523704529
0.998308301 0.007251537 -0.057688180 -3.023935080 -0.006837042 0.999949396 0.007379231 -1.987518549 0.057738770 -0.006972331 0.998307407 96.313392639
0.998132050 0.009060181 -0.060418393 -3.072391510 -0.008584156 0.999930084 0.008133723 -2.007645607 0.060487863 -0.007599889 0.998139977 97.083076477
0.997936487 0.010840634 -0.063287131 -3.124635220 -0.010424866 0.999921858 0.006896064 -2.019090176 0.063356943 -0.006222074 0.997971535 97.813735962
0.997774899 0.012009574 -0.065581724 -3.184199572 -0.011819555 0.999924779 0.003284674 -2.037151814 0.065616243 -0.002502218 0.997841775 98.512161255
0.997580469 0.014758842 -0.067937024 -3.240130663 -0.014811389 0.999890268 -0.000269803 -2.052812815 0.067925587 0.001275392 0.997689605 99.180313110
0.997384131 0.016128128 -0.070460968 -3.285138369 -0.016403874 0.999859869 -0.003336530 -2.061859846 0.070397280 0.004483635 0.997508943 99.823326111
0.997266233 0.018274400 -0.071596593 -3.332337618 -0.018618872 0.999818027 -0.004146829 -2.078086138 0.071507789 0.005468540 0.997425079 100.440261841
0.997287869 0.020600211 -0.070658028 -3.383997917 -0.020929385 0.999773264 -0.003921438 -2.091335297 0.070561223 0.005389632 0.997492909 101.024261475
0.997437418 0.024340630 -0.067276828 -3.440279722 -0.024562562 0.999695241 -0.002473478 -2.106126547 0.067196123 0.004119631 0.997731268 101.591636658
0.997690737 0.026958190 -0.062340986 -3.462704659 -0.027060462 0.999633491 -0.000796678 -2.124780178 0.062296659 0.002481814 0.998054564 102.129638672
0.998164296 0.027588274 -0.053915456 -3.518727541 -0.027553989 0.999619365 0.001379301 -2.140784264 0.053932987 0.000108817 0.998544574 102.668769836
0.998621941 0.027719818 -0.044562720 -3.526092052 -0.027565569 0.999611676 0.004072318 -2.155081511 0.044658300 -0.002838309 0.998998284 103.169174194
0.999077559 0.027284961 -0.033158951 -3.522137403 -0.027119571 0.999617457 0.005427438 -2.170897961 0.033294350 -0.004523175 0.999435365 103.634132385
0.999455988 0.026390674 -0.019779993 -3.521347761 -0.026284274 0.999638736 0.005620059 -2.182079077 0.019921165 -0.005097099 0.999788582 104.090225220
0.999650717 0.026032778 -0.004548512 -3.516105175 -0.026012646 0.999651790 0.004430399 -2.188191175 0.004662264 -0.004310533 0.999979854 104.530639648
0.999604106 0.024761260 0.013362801 -3.495683432 -0.024787074 0.999691188 0.001769700 -2.204971552 -0.013314854 -0.002100224 0.999909163 104.958625793
0.999101877 0.024472995 0.034591474 -3.467464447 -0.024382303 0.999698102 -0.003041278 -2.212477684 -0.034655459 0.002195127 0.999396920 105.372566223
0.998026669 0.022174420 0.058745336 -3.417856455 -0.021741511 0.999731660 -0.007998258 -2.220949173 -0.058906928 0.006705262 0.998240948 105.775047302
0.996156693 0.020160515 0.085237265 -3.352306128 -0.019326229 0.999756992 -0.010601738 -2.233038664 -0.085430287 0.008913677 0.996304274 106.184570312
0.993145168 0.017295452 0.115600765 -3.289554119 -0.016005643 0.999798954 -0.012076465 -2.243398666 -0.115786396 0.010143419 0.993222356 106.577598572
0.988845944 0.014834726 0.148201510 -3.207645178 -0.012937969 0.999821723 -0.013754403 -2.261112213 -0.148379132 0.011683558 0.988861561 106.925987244
0.982806444 0.012280863 0.184229985 -3.112224102 -0.009660227 0.999839067 -0.015115633 -2.276718855 -0.184385970 0.013076037 0.982766926 107.297996521
0.974911988 0.008998574 0.222408831 -2.993491411 -0.005633245 0.999859929 -0.015761044 -2.288946152 -0.222519502 0.014112747 0.974826097 107.661575317
0.964864433 0.006972070 0.262655705 -2.872007370 -0.002768566 0.999862134 -0.016370552 -2.305093050 -0.262733638 0.015068183 0.964750767 108.006301880
0.952624738 0.007427830 0.304057479 -2.733510971 -0.002347482 0.999851525 -0.017070647 -2.325475931 -0.304139137 0.015548150 0.952500701 108.334777832
0.937339485 0.009786855 0.348279893 -2.597502232 -0.003806550 0.999833405 -0.017851150 -2.335307360 -0.348396569 0.015406843 0.937220573 108.644912720
0.919764757 0.010089825 0.392340422 -2.423367739 -0.003741877 0.999849498 -0.016941056 -2.342349052 -0.392452300 0.014113697 0.919664085 108.954544067
0.899289489 0.008715357 0.437267125 -2.235967636 -0.002130833 0.999876857 -0.015546672 -2.356241703 -0.437348783 0.013049215 0.899197280 109.282157898
0.876301110 0.007258974 0.481709212 -2.045734882 0.000390685 0.999875426 -0.015778042 -2.369995117 -0.481763721 0.014014512 0.876189113 109.546333313
0.850598037 0.008272458 0.525751412 -1.843284607 0.001061565 0.999847174 -0.017449616 -2.391816139 -0.525815427 0.015400728 0.850459278 109.829055786
0.822568238 0.010538744 0.568568707 -1.623043060 0.001652787 0.999779761 -0.020922629 -2.406208515 -0.568664014 0.018150013 0.822369635 110.100425720
0.791484177 0.015139473 0.611002147 -1.387344360 0.000139909 0.999688625 -0.024951622 -2.423680544 -0.611189663 0.019834299 0.791235626 110.367492676
0.757858813 0.021298012 0.652070880 -1.131816864 -0.003053324 0.999571860 -0.029099451 -2.431885719 -0.652411461 0.020062292 0.757599354 110.610260010
0.719951928 0.026209358 0.693528891 -0.856508255 -0.004639161 0.999446094 -0.032954454 -2.432538509 -0.694008470 0.020508232 0.719674706 110.874557495
0.680956960 0.026240578 0.731853247 -0.561553955 -0.002388604 0.999432087 -0.033612125 -2.449344873 -0.732319593 0.021140305 0.680632949 111.090957642
0.640087366 0.023596175 0.767939746 -0.246379852 0.002195195 0.999468029 -0.032539975 -2.457984924 -0.768299043 0.022514204 0.639695048 111.292991638
0.596929789 0.021992486 0.801991999 0.075054169 0.003179288 0.999551535 -0.029776400 -2.471541405 -0.802287221 0.020324184 0.596592188 111.461303711
0.550638795 0.020423021 0.834493756 0.418552399 0.004416226 0.999615371 -0.027378170 -2.480173349 -0.834731936 0.018760797 0.550336838 111.644332886
0.502539575 0.017975513 0.864367366 0.774986267 0.005882325 0.999689579 -0.024209656 -2.492859602 -0.864534199 0.017250801 0.502277851 111.810508728
0.451508522 0.014418283 0.892150283 1.144824982 0.008149910 0.999761105 -0.020281998 -2.507151604 -0.892229557 0.016428441 0.451283157 111.959388733
0.398787320 0.014508535 0.916928589 1.499240875 0.005022549 0.999825299 -0.018004594 -2.526157379 -0.917029619 0.011785323 0.398644805 112.091537476
0.348155200 0.019666221 0.937230587 1.883224487 0.001805960 0.999764025 -0.021649243 -2.536885262 -0.937435150 0.009229898 0.348037541 112.194030762
0.297875345 0.024590608 0.954288065 2.271095276 0.001658576 0.999653339 -0.026277322 -2.548686504 -0.954603434 0.009410129 0.297731280 112.278121948
0.251320422 0.026364645 0.967544794 2.669906616 0.003394171 0.999598801 -0.028119724 -2.565194130 -0.967898011 0.010351072 0.251130104 112.346649170
0.210328519 0.026138885 0.977281272 3.101875305 0.010649974 0.999521911 -0.029025812 -2.579972506 -0.977572799 0.016512977 0.209949613 112.398468018
0.175120890 0.025784956 0.984209239 3.537338257 0.019166892 0.999378264 -0.029592739 -2.594595194 -0.984360337 0.024046537 0.174517751 112.441017151
0.144559979 0.027109247 0.989124715 3.998603821 0.023628462 0.999244988 -0.030839907 -2.608403921 -0.989214003 0.027829710 0.143810272 112.476524353
0.116815031 0.025432805 0.992827952 4.486091614 0.022286201 0.999353230 -0.028222127 -2.620461226 -0.992903590 0.025423132 0.116172671 112.523147583
0.090564311 0.022379812 0.995639145 4.948387146 0.014238433 0.999616206 -0.023764348 -2.640985012 -0.995788813 0.016328542 0.090210915 112.574172974
0.066586435 0.018203193 0.997614622 5.454353333 0.009620550 0.999775410 -0.018884752 -2.657963276 -0.997734308 0.010855069 0.066396356 112.603332520
0.043841898 0.015828056 0.998913169 5.978225708 0.013604368 0.999772310 -0.016438764 -2.673521519 -0.998945951 0.014310289 0.043616593 112.612365723
0.023828745 0.016575532 0.999578714 6.514472961 0.021816058 0.999615788 -0.017096220 -2.692245960 -0.999478102 0.022214249 0.023458004 112.598785400
0.006005108 0.019226013 0.999797165 7.100219727 0.026021438 0.999473572 -0.019376084 -2.710550308 -0.999643385 0.026132515 0.005501688 112.597747803
-0.008042216 0.024615230 0.999664664 7.685142517 0.027009292 0.999337614 -0.024389887 -2.717900515 -0.999602854 0.026804084 -0.008701801 112.586097717
-0.019001245 0.029199176 0.999393106 8.280738831 0.024844322 0.999278605 -0.028723475 -2.730977774 -0.999510825 0.024283463 -0.019712925 112.579650879
-0.025738597 0.028965747 0.999248981 8.903915405 0.025967250 0.999262214 -0.028297268 -2.749673367 -0.999331415 0.025219416 -0.026471853 112.565742493
-0.028346062 0.025624037 0.999269724 9.533050537 0.031815909 0.999188006 -0.024719430 -2.777746201 -0.999091744 0.031091979 -0.029138327 112.533668518
-0.027179122 0.024321256 0.999334812 10.202552795 0.034232430 0.999140263 -0.023385504 -2.789424181 -0.999044359 0.033574063 -0.027988315 112.503631592
-0.025339603 0.024077017 0.999389052 10.882736206 0.032981254 0.999185860 -0.023235887 -2.809014320 -0.999134839 0.032372314 -0.026113033 112.492996216
-0.024033666 0.024362655 0.999414325 11.561347961 0.029904088 0.999273181 -0.023640092 -2.832287312 -0.999263823 0.029318415 -0.024744749 112.487724304
-0.022842526 0.025532670 0.999413133 12.275543213 0.028591659 0.999281585 -0.024875825 -2.851104975 -0.999330282 0.028006651 -0.023556113 112.479888916
-0.021752954 0.026248084 0.999418974 12.999382019 0.028561803 0.999263585 -0.025622349 -2.878550053 -0.999355495 0.027987843 -0.022486687 112.462509155
-0.021167397 0.025833528 0.999442279 13.749542236 0.027673490 0.999298215 -0.025243711 -2.901720524 -0.999393046 0.027123714 -0.021867514 112.457031250
-0.020565033 0.024399802 0.999490738 14.508857727 0.027026501 0.999350369 -0.023840293 -2.929297209 -0.999423146 0.026522463 -0.021211147 112.444671631
-0.019988179 0.023238875 0.999530256 15.279953003 0.027167335 0.999373317 -0.022691954 -2.956610680 -0.999431193 0.026701001 -0.020606995 112.431808472
-0.020650148 0.021014821 0.999566019 16.069549561 0.027689695 0.999407589 -0.020439452 -2.982147694 -0.999403358 0.027255598 -0.021219850 112.421539307
-0.022049308 0.018993093 0.999576509 16.851394653 0.025143145 0.999513805 -0.018437281 -3.012809038 -0.999440730 0.024725968 -0.022516131 112.414886475
-0.022845268 0.018301178 0.999571502 17.641784668 0.024668474 0.999538302 -0.017736772 -3.031108856 -0.999434590 0.024252703 -0.023286223 112.390922546
-0.023926854 0.016035290 0.999585211 18.437477112 0.026877487 0.999520242 -0.015390893 -3.047816038 -0.999352455 0.026498083 -0.024346352 112.371231079
-0.025533438 0.014563573 0.999568045 19.253707886 0.028378820 0.999501467 -0.013837687 -3.068422556 -0.999271274 0.028013235 -0.025933981 112.356964111
-0.027130246 0.013414715 0.999541938 20.092117310 0.025519069 0.999593377 -0.012722750 -3.101896286 -0.999306202 0.025162207 -0.027461529 112.340126038
-0.027567029 0.018139763 0.999455512 20.908317566 0.023231490 0.999576926 -0.017501201 -3.124109030 -0.999350131 0.022736385 -0.027976751 112.314437866
-0.028936028 0.022757240 0.999322295 21.742759705 0.024377566 0.999459505 -0.022054503 -3.150375843 -0.999284089 0.023722878 -0.029475093 112.300109863
-0.029663205 0.024747811 0.999253750 22.584381104 0.024532899 0.999410331 -0.024023430 -3.171394825 -0.999259055 0.023801979 -0.030252814 112.274917603
-0.031946063 0.022383852 0.999238968 23.439384460 0.020969676 0.999544144 -0.021720281 -3.204985619 -0.999269664 0.020259842 -0.032400966 112.270530701
-0.032564759 0.018006450 0.999307632 24.283775330 0.018192781 0.999682724 -0.017420363 -3.236134768 -0.999304235 0.017612893 -0.032881975 112.247627258
-0.033180714 0.012769901 0.999367952 25.137794495 0.016767250 0.999784768 -0.012218530 -3.262871265 -0.999308825 0.016351232 -0.033387661 112.227935791
-0.033159018 0.007015157 0.999425650 25.986709595 0.013331451 0.999889493 -0.006576105 -3.286616087 -0.999361336 0.013105736 -0.033248782 112.205223083
-0.033307552 0.005406654 0.999430656 26.833908081 0.010398567 0.999933124 -0.005062825 -3.314322472 -0.999391139 0.010224015 -0.033361554 112.191810608
-0.032021046 0.012385418 0.999410391 27.656265259 0.012666482 0.999847949 -0.011985005 -3.344030619 -0.999406874 0.012275240 -0.032173038 112.155311584
-0.030875802 0.023417087 0.999249041 28.484405518 0.015142125 0.999621749 -0.022957951 -3.367771864 -0.999408662 0.014421910 -0.031218767 112.127838135
-0.030042768 0.028596263 0.999139547 29.315109253 0.017188162 0.999457657 -0.028088547 -3.391743898 -0.999400914 0.016329518 -0.030517936 112.102447510
-0.028965712 0.023255825 0.999309897 30.162437439 0.018792797 0.999565303 -0.022717047 -3.423306942 -0.999403775 0.018121812 -0.029390216 112.082000732
-0.028447986 0.015663864 0.999472678 30.985237122 0.022072757 0.999643266 -0.015038286 -3.455115318 -0.999351680 0.021633307 -0.028783560 112.062179565
-0.027410388 0.012717648 0.999543488 31.812911987 0.023479091 0.999651372 -0.012075163 -3.481840134 -0.999348640 0.023137387 -0.027699351 112.034248352
-0.027907252 0.013243286 0.999522984 32.637908936 0.022413040 0.999669135 -0.012619441 -3.508624077 -0.999359369 0.022050170 -0.028194904 112.019500732
-0.028878093 0.014316465 0.999480426 33.455627441 0.019144041 0.999721944 -0.013766793 -3.535285950 -0.999399602 0.018736536 -0.029144168 112.005233765
-0.031175375 0.014337880 0.999411225 34.263801575 0.016683316 0.999765277 -0.013822547 -3.563548565 -0.999374807 0.016242567 -0.031407237 111.986228943
-0.032846332 0.014402647 0.999356747 35.073860168 0.016365007 0.999769866 -0.013870727 -3.587291241 -0.999326527 0.015898876 -0.033074498 111.955703735
-0.035017610 0.014285812 0.999284625 35.884231567 0.014841229 0.999795020 -0.013773034 -3.617788792 -0.999276578 0.014348314 -0.035222411 111.933807373
-0.037252307 0.014558258 0.999199927 36.692817688 0.013140617 0.999814570 -0.014077305 -3.644851923 -0.999219596 0.012605692 -0.037436724 111.914794922
-0.039330602 0.014066176 0.999127269 37.483070374 0.011782696 0.999837935 -0.013612354 -3.665955305 -0.999156773 0.011237029 -0.039489985 111.887069702
-0.041535258 0.012991338 0.999052703 38.275672913 0.012195983 0.999847531 -0.012494634 -3.691512108 -0.999062717 0.011665463 -0.041687369 111.858032227
-0.043390751 0.012463171 0.998980463 39.054466248 0.011536675 0.999861777 -0.011973071 -3.722713470 -0.998991549 0.011005392 -0.043528557 111.824882507
-0.045428276 0.013887268 0.998871148 39.831901550 0.011382080 0.999845684 -0.013383167 -3.743273020 -0.998902857 0.010761257 -0.045579314 111.798141479
-0.046348929 0.014116711 0.998825669 40.611541748 0.012181499 0.999833763 -0.013565699 -3.771167755 -0.998851180 0.011538438 -0.046513200 111.757835388
-0.047183514 0.012776810 0.998804688 41.393234253 0.014602779 0.999820173 -0.012099969 -3.797259331 -0.998779655 0.014014404 -0.047361612 111.721588135
-0.048755765 0.012025738 0.998738408 42.165336609 0.014615281 0.999829054 -0.011325394 -3.823612690 -0.998703897 0.014044664 -0.048923135 111.688247681
-0.050551414 0.012041440 0.998649061 42.934356689 0.013609005 0.999842763 -0.011366952 -3.842170238 -0.998628974 0.013016004 -0.050707340 111.663833618
-0.051590562 0.011097870 0.998606741 43.689117432 0.011751967 0.999875784 -0.010504837 -3.863599777 -0.998599231 0.011193643 -0.051714540 111.630149841
-0.052423716 0.010115050 0.998573840 44.424591064 0.010028290 0.999903619 -0.009602051 -3.889093876 -0.998574734 0.009510613 -0.052520156 111.597183228
-0.053406119 0.009279417 0.998529851 45.139465332 0.010457097 0.999907196 -0.008732922 -3.917818546 -0.998518229 0.009975330 -0.053498149 111.564437866
-0.053226590 0.011738773 0.998513460 45.843299866 0.010656361 0.999880612 -0.011186802 -3.936368942 -0.998525620 0.010045085 -0.053345323 111.526985168
-0.053257942 0.014617288 0.998473823 46.544517517 0.010936868 0.999841452 -0.014053944 -3.959116936 -0.998520911 0.010171691 -0.053409338 111.494567871
-0.053428173 0.016173327 0.998440802 47.244346619 0.008600638 0.999839187 -0.015735747 -3.981329918 -0.998534739 0.007746496 -0.053558707 111.463104248
-0.053838253 0.016826281 0.998408079 47.951850891 0.009540888 0.999821067 -0.016335614 -4.009235859 -0.998504221 0.008646219 -0.053989172 111.432479858
-0.053751945 0.016675172 0.998415172 48.647117615 0.011058596 0.999809206 -0.016103093 -4.032396317 -0.998493195 0.010175498 -0.053926110 111.395576477
-0.054359913 0.015877025 0.998395324 49.338233948 0.011056357 0.999821842 -0.015297725 -4.060539246 -0.998460293 0.010207033 -0.054525733 111.363845825
-0.054229140 0.016119104 0.998398483 50.027854919 0.007380550 0.999848843 -0.015741637 -4.078550339 -0.998501301 0.006515074 -0.054340005 111.329994202
-0.054462552 0.015912965 0.998389184 50.721817017 0.004954343 0.999864995 -0.015666228 -4.109892845 -0.998503685 0.004093140 -0.054534078 111.307693481
-0.054100037 0.014689992 0.998427451 51.386772156 0.006591239 0.999875247 -0.014354145 -4.134830475 -0.998513758 0.005804312 -0.054190159 111.269149780
-0.055232286 0.014347316 0.998370528 52.071800232 0.007089683 0.999877214 -0.013976750 -4.153886795 -0.998448431 0.006306162 -0.055327177 111.236518860
-0.058845401 0.013445340 0.998176634 52.743827820 0.003654093 0.999905467 -0.013253209 -4.178152561 -0.998260498 0.002867540 -0.058888912 111.206672668
-0.064315915 0.013151810 0.997843087 53.423347473 0.000314142 0.999913394 -0.013158850 -4.202135563 -0.997929692 -0.000532858 -0.064314485 111.178237915
-0.070184588 0.016765550 0.997393250 54.079071045 0.003411563 0.999856949 -0.016566901 -4.224767208 -0.997528315 0.002239931 -0.070231795 111.129150391
-0.076466084 0.020055911 0.996870458 54.728904724 0.005984379 0.999788880 -0.019655589 -4.240587234 -0.997054279 0.004462664 -0.076569915 111.065025330
-0.083793879 0.021653470 0.996247888 55.400749207 0.005022151 0.999760330 -0.021307405 -4.263420105 -0.996470571 0.003217879 -0.083882570 111.008735657
-0.090210438 0.020721449 0.995707273 56.085365295 0.001429977 0.999785185 -0.020676760 -4.288634300 -0.995921850 -0.000441419 -0.090220690 110.958282471
-0.096177340 0.019752588 0.995168328 56.776588440 0.000792584 0.999804258 -0.019768007 -4.310724735 -0.995364010 -0.001112478 -0.096174240 110.901687622
-0.099881768 0.019735811 0.994803607 57.460464478 -0.001409434 0.999799430 -0.019976437 -4.342222214 -0.994998336 -0.003397391 -0.099833846 110.826171875
-0.104489684 0.019818444 0.994328618 58.166877747 -0.002748350 0.999791861 -0.020216148 -4.352680683 -0.994522333 -0.004845138 -0.104413390 110.766250610
-0.106600881 0.016266869 0.994168818 58.854835510 -0.003034521 0.999856174 -0.016685307 -4.380162239 -0.994297266 -0.004795493 -0.106536150 110.682312012
-0.108296156 0.013544932 0.994026542 59.569541931 -0.000727876 0.999905825 -0.013704346 -4.397997856 -0.994118571 -0.002207653 -0.108276129 110.606185913
-0.109197140 0.010382170 0.993965924 60.280975342 -0.001135840 0.999943495 -0.010569391 -4.423491478 -0.994019508 -0.002283134 -0.109179258 110.525009155
-0.110360742 0.009790513 0.993843317 61.016403198 -0.002403371 0.999945939 -0.010117511 -4.447072506 -0.993888676 -0.003505150 -0.110331178 110.450485229
-0.111006856 0.013801744 0.993723750 61.747985840 -0.000479221 0.999902725 -0.013941096 -4.463120937 -0.993819475 -0.002023772 -0.110989451 110.375473022
-0.111636996 0.018130740 0.993583679 62.488105774 0.006200581 0.999826789 -0.017547980 -4.481714249 -0.993729711 0.004201793 -0.111730099 110.288406372
-0.112262607 0.023180500 0.993408203 63.229629517 0.013745290 0.999668419 -0.021773256 -4.505234718 -0.993583560 0.011210359 -0.112544060 110.197586060
-0.112752914 0.023479892 0.993345737 63.972358704 0.013663696 0.999662876 -0.022078274 -4.533123970 -0.993529260 0.011083387 -0.113035679 110.111167908
-0.113296390 0.021326749 0.993332446 64.735252380 0.011581010 0.999730051 -0.020143213 -4.560863972 -0.993493855 0.009221640 -0.113512754 110.034973145
-0.113270521 0.017001431 0.993418872 65.500640869 0.011844027 0.999805629 -0.015760271 -4.580435753 -0.993493736 0.009980906 -0.113449812 109.949462891
-0.113162398 0.015126645 0.993461311 66.231903076 0.014733966 0.999799728 -0.013544848 -4.605403900 -0.993467212 0.013104857 -0.113362670 109.860740662
-0.113981247 0.014424687 0.993378282 66.981933594 0.014410017 0.999813437 -0.012864714 -4.630709648 -0.993378520 0.012848262 -0.114167809 109.778488159
-0.115958571 0.015434702 0.993134081 67.723449707 0.012996788 0.999817252 -0.014021059 -4.653782368 -0.993169010 0.011281691 -0.116137981 109.699745178
-0.118056178 0.016074874 0.992876768 68.463989258 0.012410908 0.999814749 -0.014711505 -4.678630352 -0.992929339 0.010585718 -0.118233800 109.613586426
-0.120268345 0.016212825 0.992609143 69.204727173 0.013643434 0.999799192 -0.014677177 -4.702881336 -0.992647827 0.011777400 -0.120465398 109.525665283
-0.122257233 0.016505867 0.992361248 69.957489014 0.013922053 0.999791861 -0.014914289 -4.723596096 -0.992400825 0.011992328 -0.122461557 109.438293457
-0.124399066 0.016387537 0.992097080 70.703094482 0.013535065 0.999798596 -0.014817594 -4.745354652 -0.992140114 0.011584803 -0.124595881 109.349151611
-0.126067400 0.016543135 0.991883755 71.455429077 0.011198384 0.999820948 -0.015252215 -4.769292355 -0.991958499 0.009184689 -0.126230001 109.260826111
-0.127248526 0.018105933 0.991705537 72.214385986 0.011062657 0.999797106 -0.016834183 -4.792575359 -0.991809130 0.008828774 -0.127423048 109.169937134
-0.127891779 0.018418962 0.991617084 72.967636108 0.010189067 0.999799192 -0.017256828 -4.816058636 -0.991735816 0.007896647 -0.128053784 109.073776245
-0.129203439 0.019059518 0.991434872 73.733078003 0.009962154 0.999789774 -0.017921869 -4.834391117 -0.991567969 0.007561258 -0.129366159 108.979927063
-0.130610943 0.017164195 0.991285264 74.516036987 0.010070983 0.999821484 -0.015985060 -4.857180595 -0.991382658 0.007895394 -0.130760550 108.886436462
-0.131395817 0.014924297 0.991217732 75.298248291 0.008166315 0.999869049 -0.013972031 -4.878706932 -0.991296470 0.006258730 -0.131500483 108.786155701
-0.133340836 0.012805154 0.990987599 76.084197998 0.004642415 0.999913633 -0.012295840 -4.899721146 -0.991059482 0.002961040 -0.133388758 108.692176819
-0.135346293 0.012410113 0.990720749 76.870368958 0.006574336 0.999910772 -0.011627086 -4.917849541 -0.990776658 0.004939649 -0.135415792 108.583160400
-0.137057066 0.013180385 0.990475595 77.662841797 0.007796004 0.999894857 -0.012226958 -4.938856125 -0.990532577 0.006045960 -0.137145519 108.477806091
-0.139411211 0.014719511 0.990125179 78.464614868 0.007215288 0.999878049 -0.013848577 -4.956108093 -0.990208328 0.005213392 -0.139500499 108.370353699
-0.140950084 0.017607991 0.989860237 79.263961792 0.008056574 0.999829113 -0.016638117 -4.990160942 -0.989984035 0.005629739 -0.141067863 108.258201599
-0.141643882 0.021898612 0.989675403 80.081459045 0.010703851 0.999730706 -0.020589154 -5.008969307 -0.989859819 0.007677009 -0.141840219 108.153038025
-0.142669201 0.025317850 0.989446580 80.880928040 0.010683814 0.999653935 -0.024038525 -5.047968864 -0.989712775 0.007141505 -0.142890334 108.028198242
-0.142238498 0.026514202 0.989477336 81.707626343 0.013124116 0.999603808 -0.024898950 -5.075542927 -0.989745498 0.009444426 -0.142530084 107.907623291
-0.141638875 0.025642946 0.989586413 82.545013428 0.016294677 0.999589384 -0.023569914 -5.109736443 -0.989784479 0.012786578 -0.141998529 107.789665222
-0.141531229 0.023668824 0.989650846 83.357070923 0.016898820 0.999626219 -0.021490678 -5.142300606 -0.989789605 0.013682332 -0.141878247 107.668327332
-0.140426397 0.022173263 0.989842892 84.191162109 0.016250487 0.999666154 -0.020087902 -5.169013977 -0.989957869 0.013264559 -0.140739799 107.548690796
-0.138865232 0.019721687 0.990114868 85.062843323 0.015663370 0.999720335 -0.017716201 -5.199815750 -0.990187407 0.013048371 -0.139135361 107.439193726
-0.137406826 0.016841210 0.990371525 85.917175293 0.016377263 0.999757409 -0.014728592 -5.223988533 -0.990379333 0.014195767 -0.137649298 107.328048706
-0.135774255 0.013331643 0.990650117 86.775100708 0.016539369 0.999800622 -0.011187972 -5.248736382 -0.990601778 0.014865690 -0.135967731 107.215759277
-0.134109735 0.013381456 0.990876257 87.625106812 0.015049300 0.999821007 -0.011465414 -5.275219917 -0.990852296 0.013374371 -0.134287119 107.108146667
-0.132564187 0.017318916 0.991023064 88.478286743 0.016128115 0.999752641 -0.015314093 -5.307698250 -0.991043150 0.013953234 -0.132810712 106.992584229
-0.130765557 0.023868052 0.991126060 89.337127686 0.016853275 0.999619246 -0.021849027 -5.331121922 -0.991270185 0.013846621 -0.131117940 106.889320374
-0.129303575 0.027181162 0.991232455 90.180740356 0.014010553 0.999574542 -0.025582278 -5.360765457 -0.991506100 0.010579837 -0.129629374 106.780143738
-0.128035426 0.024608282 0.991464317 91.046188354 0.012890640 0.999648988 -0.023146762 -5.390493393 -0.991685867 0.009817004 -0.128307700 106.679550171
