1.000000000 0.000000000 0.000000000 0.000000000 0.000000000 1.000000000 0.000000000 0.000000000 0.000000000 0.000000000 1.000000000 0.000000000
0.999979079 0.000428378 -0.006456567 -0.008083683 -0.000425910 0.999999821 0.000383714 -0.001001916 0.006456730 -0.000380956 0.999979079 0.091762036
0.999905467 0.000962980 -0.013714591 -0.015183038 -0.000960625 0.999999523 0.000178317 -0.001672026 0.013714756 -0.000165126 0.999905944 0.188931167
0.999773204 0.001361170 -0.021253893 -0.027494283 -0.001371901 0.999998927 -0.000490339 -0.001830355 0.021253202 0.000519386 0.999773979 0.286799669
0.999541700 0.001811179 -0.030218005 -0.044571370 -0.001868995 0.999996483 -0.001885162 -0.003171958 0.030214485 0.001940775 0.999541581 0.389352143
0.999125302 0.001979012 -0.041770354 -0.061346397 -0.002121474 0.999992073 -0.003366553 -0.005108049 0.041763362 0.003452223 0.999121547 0.502958000
0.998479486 0.001830945 -0.055093780 -0.086366504 -0.002057111 0.999989688 -0.004048687 -0.007152086 0.055085797 0.004155865 0.998472989 0.626778245
0.997424006 0.001869760 -0.071706593 -0.110092506 -0.002189953 0.999987960 -0.004386963 -0.004149362 0.071697526 0.004532697 0.997416139 0.765890718
0.995919228 0.000610001 -0.090246797 -0.140065730 -0.001001863 0.999990284 -0.004296880 -0.006420414 0.090243302 0.004369761 0.995910168 0.914915740
0.993921995 -0.000320940 -0.110086128 -0.181206360 -0.000153635 0.999990761 -0.004302439 -0.010232178 0.110086486 0.004293202 0.993912756 1.075251102
0.991245747 -0.000797874 -0.132027447 -0.228316888 0.000172111 0.999988675 -0.004750982 -0.013031898 0.132029742 0.004686667 0.991234660 1.238411665
0.987748742 0.003004675 -0.156023532 -0.282163501 -0.003978002 0.999974549 -0.005926468 -0.019814780 0.156001747 0.006474523 0.987735569 1.404392600
0.983386695 0.007067310 -0.181385338 -0.348491013 -0.008566246 0.999935329 -0.007481752 -0.023138303 0.181320727 0.008911246 0.983383656 1.580384612
0.977998197 0.010203067 -0.208363578 -0.421874255 -0.012193093 0.999891460 -0.008268545 -0.030558812 0.208256602 0.010627219 0.978016496 1.761312485
0.971315742 0.010766466 -0.237549543 -0.502740204 -0.013199375 0.999875426 -0.008653507 -0.029683035 0.237426788 0.011540792 0.971336901 1.948197603
0.963279605 0.012690634 -0.268200278 -0.589015424 -0.015431967 0.999848008 -0.008115553 -0.033550672 0.268056512 0.011956405 0.963329017 2.138150692
0.953785419 0.014411500 -0.300142765 -0.681487083 -0.017319862 0.999825299 -0.007031490 -0.037770476 0.299988985 0.011904963 0.953868389 2.324356318
0.942653835 0.016963299 -0.333340645 -0.781145871 -0.020046769 0.999782145 -0.005812550 -0.040657096 0.333169430 0.012161625 0.942788541 2.503653049
0.930100977 0.019031217 -0.366810590 -0.889091551 -0.022486322 0.999733925 -0.005148152 -0.044382133 0.366614997 0.013036521 0.930281401 2.689026117
0.916221976 0.021794854 -0.400077790 -1.007051587 -0.025861409 0.999654174 -0.004767760 -0.041397125 0.399835527 0.014714902 0.916468799 2.869660854
0.900159001 0.022025000 -0.435004234 -1.131812096 -0.026481720 0.999640524 -0.004185423 -0.039216720 0.434755683 0.015287206 0.900418699 3.057807446
0.881682873 0.017635230 -0.471512854 -1.261233211 -0.022555992 0.999734104 -0.004786063 -0.039725110 0.471303105 0.014855229 0.881846189 3.245955944
0.860629678 0.013559213 -0.509050786 -1.395777583 -0.018512720 0.999817729 -0.004667225 -0.050843369 0.508894742 0.013440666 0.860723853 3.412806988
0.835544646 0.015083839 -0.549215436 -1.556531429 -0.019061152 0.999817133 -0.001539220 -0.052576207 0.549091816 0.011754766 0.835679412 3.596295118
0.806458831 0.020503182 -0.590934694 -1.744237661 -0.023608277 0.999718249 0.002467791 -0.058844149 0.590818763 0.011960777 0.806715608 3.773375988
0.773851991 0.023634426 -0.632925391 -1.943040252 -0.027007449 0.999625981 0.004306696 -0.059416886 0.632790387 0.013760952 0.774200857 3.947525263
0.738210201 0.023235280 -0.674170494 -2.156182051 -0.026443878 0.999635160 0.005496624 -0.067740731 0.674052238 0.013770019 0.738555312 4.105763435
0.698196769 0.018837661 -0.715658009 -2.375257730 -0.020433165 0.999770880 0.006381502 -0.063932449 0.715614259 0.010167614 0.698421717 4.277418137
0.655332863 0.015163811 -0.755188048 -2.615879536 -0.015129208 0.999861419 0.006947995 -0.061736118 0.755188704 0.006872146 0.655471444 4.442536354
0.611230493 0.014607612 -0.791317821 -2.874220848 -0.012301635 0.999884248 0.008955677 -0.060147818 0.791357040 0.004260520 0.611339390 4.579627037
0.562815189 0.015341016 -0.826440454 -3.153879166 -0.009975613 0.999881029 0.011767048 -0.058225006 0.826522589 0.001621576 0.562901258 4.722456932
0.512265921 0.015799249 -0.858681560 -3.451494217 -0.008285946 0.999875188 0.013453962 -0.052139506 0.858786941 0.000222982 0.512332916 4.839996815
0.459574401 0.017080436 -0.887974977 -3.758374214 -0.007958872 0.999854088 0.015113319 -0.043918483 0.888103545 0.000121585 0.459643304 4.947109222
0.405025244 0.019292526 -0.914101958 -4.089942455 -0.006828404 0.999813318 0.018075937 -0.039810538 0.914280057 -0.001079354 0.405081391 5.040160179
0.349392176 0.021313408 -0.936734200 -4.446343422 -0.006589367 0.999772429 0.020289946 -0.033357278 0.936953485 -0.000916664 0.349453092 5.127520084
0.293921769 0.024458338 -0.955516577 -4.827529907 -0.004071462 0.999695539 0.024336785 -0.028306067 0.955820858 -0.003262764 0.293931901 5.206297398
0.240267217 0.026039671 -0.970357597 -5.180740356 0.000928212 0.999633491 0.027055129 -0.029705763 0.970706463 -0.007401161 0.240154982 5.262071133
0.189280987 0.026532758 -0.981564522 -5.576070786 0.003364142 0.999611497 0.027669318 -0.026129045 0.981917322 -0.008539402 0.189118207 5.299544811
0.141530037 0.027511153 -0.989551663 -6.002627373 0.001548618 0.999606371 0.028012183 -0.018577918 0.989932835 -0.005497005 0.141431689 5.325876713
0.099252164 0.027843622 -0.994672716 -6.423447609 -0.000230825 0.999609053 0.027958773 -0.008178845 0.995062292 -0.002545373 0.099219799 5.325181007
0.061440170 0.026359616 -0.997762680 -6.876730919 -0.001861089 0.999652505 0.026294939 0.003732413 0.998109102 0.000241359 0.061467826 5.320200920
0.027192175 0.023756966 -0.999347985 -7.325849056 -0.001237920 0.999717593 0.023732070 0.006814837 0.999629557 0.000591784 0.027213871 5.303715706
-0.003976822 0.021230342 -0.999766767 -7.805407524 -0.000824700 0.999774218 0.021233782 0.012400553 0.999991834 0.000908949 -0.003958464 5.275701523
-0.030821919 0.019196918 -0.999340594 -8.297458649 -0.001007232 0.999814451 0.019237088 0.020110048 0.999524474 0.001599489 -0.030796885 5.242237091
-0.051269174 0.016810067 -0.998543501 -8.802330971 -0.002095776 0.999854326 0.016939742 0.029609926 0.998682797 0.002961210 -0.051226497 5.190996170
-0.067800999 0.015680343 -0.997575700 -9.316495895 -0.001127522 0.999874651 0.015793113 0.044588052 0.997698307 0.002195576 -0.067774773 5.146634102
-0.080914259 0.016173217 -0.996589959 -9.854125023 -0.000373215 0.999867797 0.016256716 0.052983016 0.996721089 0.001687340 -0.080897450 5.093204498
-0.090607643 0.017260993 -0.995737135 -10.409190178 -0.000115354 0.999849617 0.017342780 0.060930982 0.995886743 0.001686252 -0.090592027 5.034015656
-0.097352624 0.018640710 -0.995075405 -10.980852127 -0.002777502 0.999815583 0.019001244 0.056760594 0.995246112 0.004613642 -0.097282887 4.968894958
-0.101699233 0.019820709 -0.994617701 -11.580180168 -0.002898299 0.999791324 0.020220159 0.059372395 0.994810939 0.004939076 -0.101620555 4.898131371
-0.103094816 0.020391507 -0.994462609 -12.187768936 -0.000892850 0.999787509 0.020593258 0.071790978 0.994671226 0.003010962 -0.103054762 4.831693649
-0.102170348 0.022627003 -0.994509697 -12.809172630 0.001258672 0.999743402 0.022616774 0.079738975 0.994766235 0.001058999 -0.102172613 4.768584251
-0.100469112 0.024919458 -0.994628191 -13.438948631 0.000500889 0.999687433 0.024995621 0.088221356 0.994940162 0.002013088 -0.100450277 4.697548866
-0.098937035 0.024897417 -0.994782209 -14.100455284 -0.001666147 0.999681413 0.025185741 0.093745723 0.995092332 0.004149254 -0.098863959 4.627212524
-0.097291350 0.022501942 -0.995001614 -14.766891479 -0.003050023 0.999732971 0.022907173 0.103351086 0.995251358 0.005263446 -0.097196698 4.563550949
-0.095966220 0.022223659 -0.995136499 -15.445894241 -0.003401421 0.999737561 0.022654429 0.118172586 0.995378852 0.005558936 -0.095865488 4.495744705
-0.094136953 0.024910046 -0.995247602 -16.145837784 -0.003365131 0.999673247 0.025339112 0.130330428 0.995553613 0.005734485 -0.094022393 4.425846100
-0.092321634 0.028397497 -0.995324194 -16.863744736 -0.004638770 0.999570131 0.028948905 0.140864462 0.995718420 0.007289690 -0.092150211 4.354724884
-0.090544105 0.030727474 -0.995418251 -17.591815948 -0.004826038 0.999498606 0.031292409 0.148944020 0.995880723 0.007637269 -0.090350509 4.283885956
-0.088716269 0.029978372 -0.995605826 -18.331537247 -0.006383499 0.999509335 0.030664733 0.165483207 0.996036589 0.009075905 -0.088481426 4.212244034
-0.087013125 0.026699172 -0.995849431 -19.086536407 -0.009250923 0.999576032 0.027607393 0.181344315 0.996164322 0.011614728 -0.086729288 4.136781693
-0.085659742 0.026023142 -0.995984674 -19.860057831 -0.009645246 0.999590337 0.026946893 0.197645679 0.996277869 0.011914776 -0.085373640 4.067270279
-0.084017396 0.028351616 -0.996060967 -20.634773254 -0.007445552 0.999549389 0.029078944 0.212025508 0.996436596 0.009859360 -0.083768487 4.002941132
-0.082787871 0.030914374 -0.996087611 -21.411136627 -0.004666098 0.999495745 0.031407963 0.219956189 0.996556342 0.007248037 -0.082601905 3.935615540
-0.081483960 0.032461628 -0.996145964 -22.212242126 -0.003943685 0.999451160 0.032891925 0.235286206 0.996666908 0.006608645 -0.081311226 3.867221832
-0.080857158 0.027676919 -0.996341467 -23.014228821 -0.004086226 0.999596775 0.028098963 0.248210654 0.996717393 0.006343275 -0.080711484 3.797527313
-0.080551386 0.020694451 -0.996535778 -23.818033218 -0.002099081 0.999778688 0.020931469 0.257440746 0.996748388 0.003777865 -0.080490112 3.733463287
-0.080962420 0.016318960 -0.996583641 -24.643333435 0.001399152 0.999866843 0.016259056 0.264971942 0.996716261 -0.000078001 -0.080974460 3.669309616
-0.081473947 0.017324183 -0.996524930 -25.457563400 0.002099258 0.999849677 0.017210353 0.275287151 0.996673286 -0.000689767 -0.081498146 3.601161957
-0.081337571 0.024763245 -0.996379018 -26.296455383 0.001826548 0.999693334 0.024696512 0.282285750 0.996685028 0.000188818 -0.081357837 3.523937225
-0.082012415 0.031816587 -0.996123374 -27.140062332 0.000489242 0.999491453 0.031883888 0.294800133 0.996631265 0.002127526 -0.081986189 3.455827713
-0.082175374 0.037111782 -0.995926678 -27.978107452 -0.001682987 0.999299824 0.037376344 0.308305055 0.996616483 0.004747543 -0.082055330 3.376701355
-0.082674503 0.037589576 -0.995867491 -28.833086014 -0.003128324 0.999273658 0.037977852 0.317154616 0.996571720 0.006255196 -0.082496881 3.299072266
-0.082741737 0.034264732 -0.995981872 -29.648826599 -0.002810949 0.999396741 0.034615740 0.329221368 0.996567130 0.005663817 -0.082595468 3.220102310
-0.083209395 0.031254109 -0.996041894 -30.487918854 -0.003104403 0.999495089 0.031621810 0.349567413 0.996527314 0.005723344 -0.083070397 3.146278381
-0.083375573 0.032739621 -0.995980382 -31.319673538 -0.004014008 0.999441028 0.033189401 0.361389726 0.996510267 0.006765052 -0.083197594 3.074352264
-0.083007574 0.035166085 -0.995928228 -32.152439117 -0.006080588 0.999340713 0.035793375 0.366390735 0.996530354 0.009026948 -0.082738996 2.994007111
-0.083208084 0.033637099 -0.995964408 -32.987785339 -0.006392665 0.999391556 0.034286924 0.381605744 0.996511757 0.009219814 -0.082942486 2.922836304
-0.082819700 0.028239796 -0.996164501 -33.814876556 -0.007307473 0.999554336 0.028943427 0.396398365 0.996537924 0.009676524 -0.082576394 2.848495483
-0.082295775 0.024432197 -0.996308446 -34.646549225 -0.008630319 0.999644518 0.025226878 0.400159895 0.996570587 0.010674524 -0.082055688 2.767097473
-0.081908941 0.025009584 -0.996326029 -35.480777740 -0.008036348 0.999636054 0.025753345 0.412940592 0.996607482 0.010116248 -0.081678152 2.697299957
-0.081095099 0.027575821 -0.996324956 -36.322254181 -0.007207736 0.999574840 0.028252440 0.417570263 0.996680439 0.009472376 -0.080861807 2.617397308
-0.080441713 0.032829992 -0.996218741 -37.162528992 -0.006592146 0.999418080 0.033467725 0.425546199 0.996737719 0.009259413 -0.080178499 2.539108276
-0.080079317 0.038113877 -0.996059537 -37.997394562 -0.005665732 0.999235153 0.038690895 0.447759211 0.996772349 0.008741748 -0.079802036 2.483001709
-0.080170274 0.041226752 -0.995928407 -38.838973999 -0.005972520 0.999106526 0.041839093 0.465429842 0.996763408 0.009302446 -0.079852343 2.405426025
-0.079828739 0.041159946 -0.995958507 -39.665019989 -0.005722609 0.999111772 0.041748945 0.483435035 0.996792197 0.009032246 -0.079522252 2.334774017
-0.079519510 0.036782369 -0.996154606 -40.490032196 -0.006049667 0.999282777 0.037380800 0.500976264 0.996815085 0.008998900 -0.079239964 2.259311676
-0.079510331 0.032459099 -0.996305585 -41.311538696 -0.007165762 0.999425292 0.033132605 0.514457941 0.996808469 0.009773665 -0.079231977 2.195880890
-0.079189181 0.030010266 -0.996407807 -42.135746002 -0.010679962 0.999463856 0.030951098 0.525286317 0.996802390 0.013092591 -0.078826189 2.118991852
-0.079690099 0.028361546 -0.996416152 -42.963672638 -0.013789167 0.999468148 0.029551230 0.538765609 0.996724308 0.016094688 -0.079256654 2.040100098
-0.080487967 0.026167035 -0.996412218 -43.789146423 -0.011700178 0.999561667 0.027194861 0.549187839 0.996687055 0.013847053 -0.080146432 1.976043701
-0.081568003 0.022602584 -0.996411562 -44.607818604 -0.008135948 0.999694407 0.023343077 0.555630445 0.996634662 0.010010799 -0.081359148 1.907485962
-0.082144618 0.021333162 -0.996392131 -45.423503876 -0.003917024 0.999756217 0.021728117 0.563342869 0.996612787 0.005687737 -0.082041025 1.833778381
-0.083960891 0.024762558 -0.996161282 -46.252658844 -0.004024885 0.999674618 0.025189128 0.568986833 0.996460915 0.006124337 -0.083833933 1.758956909
-0.085601807 0.030848440 -0.995851934 -47.067714691 -0.001486135 0.999515474 0.031089675 0.576095700 0.996328473 0.004141297 -0.085514545 1.692623138
-0.087167263 0.034602545 -0.995592654 -47.882488251 0.000240969 0.999397278 0.034713682 0.584987640 0.996193767 0.002785990 -0.087123156 1.613788605
-0.088800550 0.033779513 -0.995476604 -48.688148499 0.000206603 0.999425352 0.033895083 0.593031526 0.996049583 0.002804228 -0.088756442 1.541481018
-0.090311050 0.029642964 -0.995472431 -49.492111206 -0.002825360 0.999545276 0.030020567 0.606546879 0.995909691 0.005523753 -0.090186238 1.462589264
-0.090874076 0.026162097 -0.995518744 -50.288787842 -0.008275842 0.999600530 0.027024811 0.610798597 0.995828092 0.010694609 -0.090621233 1.367115021
-0.092389822 0.024642749 -0.995417953 -51.075065613 -0.011632298 0.999598801 0.025825903 0.621486187 0.995654941 0.013965048 -0.092066050 1.286445618
-0.093340516 0.025687698 -0.995302975 -51.870018005 -0.013316527 0.999545515 0.027046032 0.627557039 0.995545328 0.015778463 -0.092956066 1.203742981
-0.094331264 0.027326522 -0.995165825 -52.657489777 -0.013120889 0.999502242 0.028689323 0.634904563 0.995454490 0.015763758 -0.093925834 1.125705719
-0.095170617 0.027029021 -0.995093942 -53.448116302 -0.015016091 0.999478579 0.028584253 0.640079021 0.995347738 0.017662805 -0.094715118 1.038455963
-0.095720649 0.026900969 -0.995044768 -54.226821899 -0.015875703 0.999466360 0.028547706 0.647970676 0.995281756 0.018529633 -0.095242500 0.955989838
-0.096227646 0.028573707 -0.994949102 -54.998424530 -0.014260949 0.999445677 0.030082107 0.659381032 0.995257139 0.017083649 -0.095766783 0.878829956
-0.096566677 0.031348225 -0.994832814 -55.771381378 -0.013685574 0.999367595 0.032819554 0.670624554 0.995232522 0.016784128 -0.096076608 0.802333832
-0.096781373 0.035668176 -0.994666517 -56.548961639 -0.013467355 0.999219239 0.037141819 0.681019425 0.995214701 0.016990157 -0.096225500 0.723995209
-0.097441792 0.037728962 -0.994525969 -57.307952881 -0.013522420 0.999138772 0.039228860 0.694560587 0.995149493 0.017270921 -0.096847653 0.646385193
-0.098210931 0.037741892 -0.994449794 -58.060054779 -0.013205476 0.999143183 0.039224181 0.705240250 0.995078146 0.016984420 -0.097628355 0.570648193
-0.098350167 0.035908062 -0.994503856 -58.808227539 -0.012601070 0.999223769 0.037324645 0.714284480 0.995072126 0.016202696 -0.097821355 0.492164612
-0.098437786 0.032378156 -0.994616449 -59.539371490 -0.012547186 0.999350727 0.033774078 0.724550426 0.995064259 0.015804278 -0.097967625 0.414588928
-0.098253846 0.029527470 -0.994723439 -60.257575989 -0.012966809 0.999436855 0.030948184 0.733166873 0.995077074 0.015939161 -0.097815633 0.341613770
-0.096989632 0.027146276 -0.994915247 -60.969669342 -0.013659766 0.999497533 0.028602930 0.744277894 0.995191813 0.016364491 -0.096570134 0.264671326
-0.094700813 0.026477907 -0.995153666 -61.667083740 -0.016329063 0.999470413 0.028146669 0.746765316 0.995371878 0.018915437 -0.094218254 0.194252014
-0.090111136 0.027411249 -0.995554388 -62.352508545 -0.016100656 0.999450445 0.028975848 0.752534389 0.995801568 0.018640127 -0.089620233 0.118827820
-0.084353089 0.028575214 -0.996026218 -63.018417358 -0.015390067 0.999432147 0.029976306 0.763330042 0.996317148 0.017857501 -0.083865404 0.063713074
-0.077380657 0.030336313 -0.996540010 -63.662990570 -0.014616507 0.999395013 0.031558186 0.765716910 0.996894538 0.017007925 -0.076890349 0.019584656
-0.068616509 0.031792644 -0.997136354 -64.301963806 -0.015822759 0.999331713 0.032951459 0.767822623 0.997517586 0.018038465 -0.068067670 -0.025909424
-0.056679368 0.033429217 -0.997832716 -64.936714172 -0.017748982 0.999247611 0.034484807 0.778680444 0.998234749 0.019665085 -0.056043386 -0.068252563
-0.041710019 0.034633961 -0.998529375 -65.545715332 -0.020926747 0.999149501 0.035529610 0.784958720 0.998910666 0.022377906 -0.040949821 -0.097869873
-0.023677230 0.036054365 -0.999069273 -66.078544617 -0.022226548 0.999083459 0.036581632 0.792978644 0.999472499 0.023072015 -0.022854209 -0.093688965
-0.001293421 0.037099902 -0.999310791 -66.646308899 -0.023514070 0.999034107 0.037120067 0.799056053 0.999722719 0.023545874 -0.000419855 -0.088615417
0.024259388 0.037602823 -0.998998344 -67.195381165 -0.022906899 0.999050915 0.037048541 0.804412723 0.999443293 0.021985177 0.025097728 -0.062393188
0.053267002 0.037159920 -0.997888684 -67.713500977 -0.021380009 0.999120712 0.036064539 0.810424924 0.998351455 0.019413818 0.054014623 -0.008167267
0.087464571 0.036969151 -0.995481491 -68.214607239 -0.020080365 0.999173522 0.035341971 0.819442928 0.995965302 0.016898457 0.088134646 0.057106018
0.124752104 0.036754072 -0.991507053 -68.694061279 -0.019625852 0.999209523 0.034570254 0.831820846 0.991993904 0.015146451 0.125374854 0.148353577
0.165982485 0.037001919 -0.985434294 -69.147041321 -0.019532721 0.999223113 0.034229662 0.828677595 0.985935271 0.013566688 0.166576266 0.238147736
0.211161554 0.038289696 -0.976701021 -69.554779053 -0.018442417 0.999210656 0.035184916 0.825019658 0.977277279 0.010583021 0.211701035 0.343135834
0.259463370 0.036935937 -0.965046346 -69.933738708 -0.014955763 0.999302208 0.034226011 0.823692918 0.965637147 0.005552608 0.259834766 0.479026794
0.309874952 0.032114569 -0.950234830 -70.352081299 -0.007462807 0.999480784 0.031345256 0.824441731 0.950748086 -0.002621692 0.309953690 0.654819489
0.360727370 0.026944460 -0.932282150 -70.739608765 -0.001885507 0.999601662 0.028160550 0.824016511 0.932669520 -0.008400458 0.360634446 0.854927063
0.413308918 0.021976726 -0.910325646 -71.132621765 0.002457858 0.999678135 0.025249764 0.837767065 0.910587609 -0.012673406 0.413121879 1.070922852
0.463848174 0.021392038 -0.885656476 -71.495727539 0.002129666 0.999678612 0.025261497 0.847155511 0.885912180 -0.013603653 0.463653505 1.307220459
0.512243092 0.020214150 -0.858602643 -71.882644653 0.003743022 0.999660909 0.025768189 0.851517677 0.858832419 -0.016413346 0.511993766 1.569580078
0.557677031 0.015227744 -0.829918444 -72.232574463 0.011484126 0.999594450 0.026057988 0.864742637 0.829978704 -0.024062827 0.557275951 1.849487305
0.602732837 0.009394601 -0.797887743 -72.561950684 0.020218780 0.999429822 0.027041106 0.865294337 0.797686875 -0.032430880 0.602199197 2.133834839
0.645453453 0.004195518 -0.763788164 -72.876937866 0.021827348 0.999475181 0.023935767 0.870437205 0.763487697 -0.032120891 0.645023108 2.445163727
0.686597109 -0.000566345 -0.727037907 -73.171714783 0.019061429 0.999669969 0.017222440 0.871975720 0.726788223 -0.025683258 0.686381340 2.763835907
0.726559639 -0.007341524 -0.687064230 -73.454757690 0.015439855 0.999864876 0.005643495 0.877698779 0.686929941 -0.014708507 0.726574779 3.114364624
0.765657246 -0.009824732 -0.643173754 -73.710121155 0.010660866 0.999939859 -0.002583394 0.879033864 0.643160462 -0.004878794 0.765715957 3.469696045
0.803033173 -0.009847138 -0.595852911 -73.960205078 0.008272531 0.999951303 -0.005376398 0.874329865 0.595876873 -0.000611786 0.803075552 3.838747978
0.836858869 -0.011363445 -0.547300756 -74.193878174 0.008840603 0.999934673 -0.007243487 0.873319089 0.547347307 0.001223308 0.836904645 4.265483856
0.867298186 -0.009716114 -0.497694105 -74.416465759 0.005896594 0.999939859 -0.009245486 0.865343392 0.497754037 0.005083892 0.867303371 4.713423729
0.892610669 -0.008689311 -0.450744599 -74.611793518 0.005686822 0.999951720 -0.008015123 0.856568217 0.450792491 0.004591080 0.892616987 5.191145897
0.913487554 -0.003153114 -0.406854451 -74.795227051 0.000384196 0.999976218 -0.006887182 0.844681442 0.406866491 0.006135043 0.913467050 5.688681602
0.931417644 0.002816730 -0.363941252 -75.012641907 -0.006464850 0.999940336 -0.008806128 0.838285804 0.363894731 0.010555008 0.931380272 6.191686153
0.944668591 0.007464266 -0.327941298 -75.179077148 -0.010514214 0.999916375 -0.007528193 0.832984090 0.327857703 0.010559693 0.944668114 6.737093449
0.954659879 0.008262740 -0.297584027 -75.346443176 -0.010405810 0.999930084 -0.005618067 0.823209882 0.297516793 0.008459945 0.954679132 7.298586845
0.961810291 0.007460114 -0.273615271 -75.476425171 -0.008981273 0.999950409 -0.004307279 0.812288225 0.273569554 0.006600199 0.961829603 7.859441757
0.967798829 0.008170677 -0.251592159 -75.661933899 -0.009072412 0.999955893 -0.002424368 0.807707608 0.251561254 0.004628848 0.967830300 8.490773201
0.972371161 0.010214841 -0.233216569 -75.805778503 -0.010455706 0.999945343 0.000203479 0.801780581 0.233205900 0.002240587 0.972424805 9.107044220
0.975922465 0.015468084 -0.217568710 -75.956260681 -0.015477247 0.999878824 0.001662088 0.796076775 0.217568055 0.001745295 0.976043582 9.743692398
0.978759348 0.019328862 -0.204099283 -76.094818115 -0.019125301 0.999812663 0.002969995 0.787455738 0.204118460 0.000996550 0.978945673 10.389639854
0.981307626 0.017195903 -0.191675827 -76.198120117 -0.016959168 0.999852061 0.002875668 0.781133771 0.191696912 0.000428748 0.981454074 11.039177895
0.983994424 0.017956154 -0.177292109 -76.350387573 -0.017851427 0.999838233 0.002185911 0.777783751 0.177302688 0.001013993 0.984155834 11.756020546
0.986458480 0.018321175 -0.162984699 -76.454612732 -0.018134855 0.999832094 0.002631027 0.775999665 0.163005531 0.000360305 0.986625075 12.452198982
0.988697410 0.019790391 -0.148612842 -76.566474915 -0.019549213 0.999804139 0.003083575 0.770890772 0.148644760 -0.000143459 0.988890648 13.162591934
0.990530014 0.020525150 -0.135753304 -76.668464661 -0.020636922 0.999786854 0.000584035 0.754437685 0.135736361 0.002223026 0.990742505 13.892784119
0.992013991 0.020647747 -0.124426328 -76.763961792 -0.021430504 0.999758065 -0.004955607 0.746685803 0.124293901 0.007582550 0.992216468 14.621965408
0.993100405 0.019350005 -0.115659654 -76.839096069 -0.020783197 0.999721289 -0.011198290 0.734585047 0.115410730 0.013524803 0.993225753 15.381569862
0.994023681 0.019216286 -0.107460193 -76.919311523 -0.020579705 0.999720991 -0.011593021 0.727729917 0.107207440 0.013735237 0.994141817 16.140171051
0.994738579 0.020927981 -0.100285634 -77.003021240 -0.021563943 0.999753654 -0.005261584 0.711322546 0.100150809 0.007396454 0.994944751 16.906190872
0.995115936 0.025675291 -0.095315345 -77.092254639 -0.025526609 0.999670267 0.002779078 0.696537673 0.095355272 -0.000332427 0.995443225 17.693284988
0.995492756 0.026157863 -0.091158904 -77.165275574 -0.025651557 0.999648333 0.006721523 0.685650408 0.091302663 -0.004352860 0.995813668 18.467033386
0.995806217 0.025011355 -0.088002458 -77.228988647 -0.024569508 0.999679506 0.006100638 0.667871356 0.088126846 -0.003912877 0.996101558 19.230928421
0.996110439 0.026016008 -0.084185101 -77.310737610 -0.025729461 0.999658883 0.004487109 0.658687592 0.084273122 -0.002303619 0.996440053 20.002227783
0.996382892 0.024684306 -0.081313416 -77.372726440 -0.024211237 0.999683738 0.006798850 0.649859130 0.081455521 -0.004805559 0.996665418 20.773357391
0.996645451 0.022311419 -0.078740217 -77.434494019 -0.021642439 0.999722123 0.009339348 0.640706897 0.078926712 -0.007603889 0.996851444 21.540229797
0.996907234 0.020700794 -0.075811885 -77.490989685 -0.019897236 0.999737740 0.011339470 0.625410795 0.076026738 -0.009795953 0.997057676 22.307447433
0.997160494 0.019352844 -0.072776414 -77.556709290 -0.018855775 0.999794006 0.007511007 0.620411456 0.072906785 -0.006117424 0.997319996 23.077962875
0.997207284 0.022342049 -0.071263768 -77.621940613 -0.022378696 0.999749541 0.000284215 0.610906601 0.071252272 0.001311369 0.997457445 23.842147827
0.997305393 0.023093425 -0.069632262 -77.679954529 -0.023676729 0.999691069 -0.007563140 0.599948704 0.069436096 0.009191425 0.997544050 24.595146179
0.997372627 0.023720328 -0.068448238 -77.734146118 -0.024581034 0.999628663 -0.011759683 0.586561441 0.068143874 0.013411314 0.997585356 25.351312637
0.997498453 0.025159482 -0.066059619 -77.796173096 -0.025875095 0.999615192 -0.009999569 0.565960526 0.065782614 0.011683853 0.997765601 26.111150742
0.997549653 0.028545244 -0.063873358 -77.850502014 -0.028961398 0.999564826 -0.005598747 0.541896701 0.063685745 0.007434890 0.997942328 26.879663467
0.997599542 0.031855315 -0.061485060 -77.908920288 -0.031939682 0.999489725 -0.000389519 0.524281979 0.061441276 0.002352397 0.998107910 27.639846802
0.997813284 0.029650774 -0.059072018 -77.957046509 -0.029641926 0.999560058 0.001026214 0.514388859 0.059076458 0.000727039 0.998253167 28.396043777
0.997958004 0.027081391 -0.057847913 -78.005027771 -0.027063590 0.999633133 0.001091271 0.496926665 0.057856243 0.000476530 0.998324811 29.163270950
0.998084664 0.024776524 -0.056684092 -78.044487000 -0.024749929 0.999692976 0.001171263 0.483859211 0.056695711 0.000233908 0.998391449 29.899749756
0.998157918 0.024594536 -0.055460662 -78.091842651 -0.024669008 0.999695480 -0.000658492 0.472547293 0.055427577 0.002025438 0.998460650 30.652513504
0.998238981 0.022170005 -0.055022255 -78.127288818 -0.022309327 0.999749303 -0.001919098 0.460865438 0.054965913 0.003143228 0.998483300 31.402961731
0.998328209 0.021357356 -0.053708788 -78.183845520 -0.021491433 0.999767184 -0.001920006 0.449170947 0.053655278 0.003071074 0.998554766 32.181007385
0.998275518 0.025319343 -0.052961018 -78.239990234 -0.025395278 0.999677181 -0.000761213 0.435076088 0.052924648 0.002104860 0.998596311 32.953468323
0.998281837 0.024935424 -0.053024620 -78.286178589 -0.025059113 0.999684572 -0.001669005 0.423280627 0.052966274 0.002994888 0.998591840 33.726612091
0.998210430 0.024332685 -0.054624446 -78.332420349 -0.024454627 0.999699712 -0.001564974 0.409034818 0.054569963 0.002897994 0.998505771 34.507171631
0.998171210 0.021747904 -0.056402776 -78.385147095 -0.021851739 0.999760449 -0.001224782 0.399331778 0.056362629 0.002455041 0.998407364 35.297119141
0.997961342 0.022961827 -0.059547130 -78.435783386 -0.023085514 0.999732554 -0.001389925 0.385423928 0.059499286 0.002761767 0.998224556 36.077640533
0.997697115 0.026879227 -0.062273275 -78.497695923 -0.027023511 0.999633729 -0.001475732 0.369736791 0.062210798 0.003155176 0.998058021 36.874660492
0.997507632 0.027002299 -0.065186992 -78.552970886 -0.027464483 0.999603510 -0.006204288 0.354795396 0.064993612 0.007979152 0.997853756 37.670272827
0.997326732 0.028373400 -0.067337938 -78.621276855 -0.029109869 0.999526381 -0.009980836 0.345908523 0.067022860 0.011914352 0.997680306 38.469783783
0.997234106 0.027734986 -0.068955615 -78.688865662 -0.028605899 0.999522567 -0.011674645 0.330023229 0.068598896 0.013614892 0.997551441 39.284927368
0.997111499 0.028055854 -0.070579790 -78.762229919 -0.028835900 0.999533534 -0.010057270 0.309603035 0.070264697 0.012063450 0.997455418 40.097087860
0.996927798 0.026728885 -0.073623978 -78.817405701 -0.027470708 0.999581337 -0.009081515 0.288030505 0.073350415 0.011076117 0.997244716 40.912391663
0.996801317 0.026543673 -0.075382628 -78.880149841 -0.027180593 0.999602914 -0.007435668 0.274927288 0.075155318 0.009460828 0.997126937 41.775928497
0.996744692 0.026151977 -0.076263107 -78.950920105 -0.026528755 0.999640346 -0.003931440 0.261180997 0.076132864 0.005941808 0.997079968 42.613842010
0.996670187 0.025911495 -0.077312194 -79.020751953 -0.025886908 0.999664009 0.001320367 0.245563418 0.077320427 0.000685403 0.997006059 43.459327698
0.996701419 0.026181929 -0.076816604 -79.088600159 -0.026006116 0.999656379 0.003288339 0.234204456 0.076876305 -0.001279790 0.997039795 44.316364288
0.996794343 0.028653145 -0.074699573 -79.163505554 -0.028493587 0.999588847 0.003201072 0.223724276 0.074760586 -0.001062351 0.997200966 45.202346802
0.996968687 0.028541986 -0.072379917 -79.234481812 -0.028493667 0.999592543 0.001700226 0.217486307 0.072398953 0.000367297 0.997375667 46.056678772
0.997139990 0.026228143 -0.070879795 -79.302062988 -0.026359575 0.999652088 -0.000919407 0.209307536 0.070831023 0.002785139 0.997484446 46.928543091
0.997318566 0.022965677 -0.069485508 -79.352890015 -0.023157941 0.999729872 -0.001962580 0.187511057 0.069421664 0.003566459 0.997581005 47.797874451
0.997488618 0.021556063 -0.067466699 -79.416442871 -0.021781147 0.999759376 -0.002602326 0.181113958 0.067394368 0.004065292 0.997718155 48.669723511
0.997598410 0.019079009 -0.066584237 -79.475479126 -0.019105718 0.999817431 0.000235688 0.163843691 0.066576578 0.001037017 0.997780800 49.546855927
0.997678041 0.015847828 -0.066237219 -79.528030396 -0.015710281 0.999873221 0.002596956 0.151705652 0.066269979 -0.001550320 0.997800529 50.433246613
0.997730315 0.016460739 -0.065294050 -79.590049744 -0.016320152 0.999863207 0.002685944 0.137367219 0.065329328 -0.001614238 0.997862458 51.334045410
0.997769058 0.018112574 -0.064255707 -79.647537231 -0.018194569 0.999834239 -0.000691109 0.124703676 0.064232536 0.001858672 0.997933209 52.206928253
0.997780800 0.020684844 -0.063289456 -79.720962524 -0.021131810 0.999756217 -0.006400963 0.105289295 0.063141622 0.007724179 0.997974694 53.064464569
0.997809887 0.021539045 -0.062541679 -79.778778076 -0.022311952 0.999682784 -0.011686196 0.086220771 0.062270131 0.013056029 0.997973919 53.931869507
0.997728050 0.027184829 -0.061642259 -79.848510742 -0.028320247 0.999443591 -0.017621065 0.059707571 0.061128933 0.019326754 0.997942746 54.799198151
0.997798622 0.027434919 -0.060375616 -79.912521362 -0.028565224 0.999430954 -0.017938282 0.025799476 0.059849124 0.019623436 0.998014510 55.647911072
0.997887969 0.023954358 -0.060380619 -79.953781128 -0.024714407 0.999624074 -0.011872303 0.001103684 0.060073525 0.013339499 0.998104811 56.486606598
0.997865915 0.023762805 -0.060818907 -80.012138367 -0.023978882 0.999708474 -0.002825292 -0.020833865 0.060734037 0.004277632 0.998144805 57.348106384
0.997816920 0.022384634 -0.062131885 -80.068847656 -0.022109529 0.999742508 0.005111821 -0.043153334 0.062230311 -0.003726954 0.998054862 58.203620911
0.997746110 0.019625662 -0.064167857 -80.128715515 -0.019495307 0.999806404 0.002657024 -0.052695196 0.064207576 -0.001400064 0.997935593 59.035148621
0.997697055 0.015500483 -0.066032685 -80.180847168 -0.015560430 0.999878824 -0.000393609 -0.074653506 0.066018589 0.001420200 0.997817397 59.870994568
0.997522235 0.013239006 -0.069095410 -80.235557556 -0.013404144 0.999908328 -0.001926893 -0.088400170 0.069063567 0.002848284 0.997608185 60.699375153
0.997318387 0.015898479 -0.071436889 -80.308929443 -0.016253296 0.999858260 -0.004388301 -0.106471427 0.071356997 0.005537618 0.997435451 61.512027740
0.997052073 0.017393077 -0.074730538 -80.381874084 -0.018040454 0.999805272 -0.007996485 -0.123228647 0.074576899 0.009321084 0.997171700 62.336780548
0.996747673 0.018342003 -0.078470312 -80.458412170 -0.019267363 0.999753296 -0.011051602 -0.145896941 0.078248248 0.012527575 0.996855199 63.155582428
0.996479630 0.020445470 -0.081303604 -80.536224365 -0.021743068 0.999649465 -0.015106630 -0.169674218 0.080966242 0.016821239 0.996574879 63.964099884
0.996081412 0.024845352 -0.084879823 -80.612937927 -0.026204545 0.999544978 -0.014936551 -0.197426945 0.084470101 0.017102258 0.996279240 64.762199402
0.995674253 0.028386600 -0.088470034 -80.695373535 -0.029651450 0.999475539 -0.013015418 -0.218005151 0.088054173 0.015582382 0.995993793 65.567405701
0.995260775 0.031202978 -0.092099756 -80.782279968 -0.031993579 0.999462724 -0.007119921 -0.240704462 0.091828108 0.010032779 0.995724320 66.375442505
0.994872153 0.031507421 -0.096107796 -80.866645813 -0.031790324 0.999493539 -0.001413430 -0.263051450 0.096014589 0.004461480 0.995369911 67.181442261
0.994403243 0.031181797 -0.100944899 -80.955055237 -0.031100215 0.999513447 0.002382192 -0.278664321 0.100970067 0.000770549 0.994889140 67.977584839
0.993747711 0.030915214 -0.107283376 -81.048561096 -0.030716356 0.999521971 0.003505928 -0.291873485 0.107340485 -0.000188654 0.994222283 68.767440796
0.993154705 0.028047480 -0.113388926 -81.133590698 -0.027386487 0.999597669 0.007383238 -0.304258347 0.113550387 -0.004227374 0.993523240 69.565330505
0.992377877 0.028877983 -0.119800471 -81.235725403 -0.028268926 0.999577343 0.006780616 -0.312862575 0.119945653 -0.003342303 0.992774844 70.342674255
0.991495490 0.033341549 -0.125797376 -81.349723816 -0.032822840 0.999441981 0.006194461 -0.325056612 0.125933722 -0.002012753 0.992036641 71.113975525
0.990653336 0.034167666 -0.132055134 -81.459144592 -0.034109596 0.999414444 0.002702470 -0.336071223 0.132070139 0.001827136 0.991238713 71.883193970
0.989856720 0.033963021 -0.137949884 -81.571792603 -0.034308624 0.999411285 -0.000127544 -0.346557409 0.137864336 0.004859121 0.990439177 72.635246277
0.989059925 0.035327848 -0.143221557 -81.691696167 -0.035856046 0.999356329 -0.001107857 -0.361183316 0.143090233 0.006231095 0.989690006 73.401145935
0.988269567 0.037164818 -0.148128524 -81.810745239 -0.037019268 0.999307573 0.003740481 -0.365749121 0.148164973 0.001787006 0.988961041 74.170967102
0.987401724 0.038088910 -0.153580993 -81.947944641 -0.037344463 0.999272525 0.007730224 -0.373406410 0.153763711 -0.001897437 0.988105834 74.936180115
0.986465394 0.037285812 -0.159674212 -82.078163147 -0.036125589 0.999295592 0.010163840 -0.387697279 0.159940690 -0.004257951 0.987117469 75.692504883
0.985362232 0.034859404 -0.166871518 -82.210533142 -0.034280594 0.999392092 0.006348637 -0.395099401 0.166991383 -0.000535252 0.985958219 76.442916870
0.983992279 0.032485727 -0.175225154 -82.355094910 -0.033193689 0.999448299 -0.001110164 -0.397425622 0.175092414 0.006908761 0.984527767 77.185569763
0.982299864 0.030120062 -0.184877634 -82.493095398 -0.031134309 0.999511838 -0.002584782 -0.413246572 0.184709534 0.008295069 0.982758164 77.927391052
0.980320275 0.029893946 -0.195137054 -82.643562317 -0.030361639 0.999538779 0.000594599 -0.428217262 0.195064828 0.005341782 0.980775833 78.659675598
0.978059471 0.029691529 -0.206199199 -82.808868408 -0.028895777 0.999558806 0.006870256 -0.434851408 0.206312224 -0.000761233 0.978485942 79.401756287
0.975512803 0.031204432 -0.217717946 -82.988349915 -0.028631449 0.999478042 0.014963406 -0.441110700 0.218071222 -0.008363415 0.975897014 80.136299133
0.972950757 0.032193989 -0.228758395 -83.171546936 -0.028726123 0.999416590 0.018474102 -0.448853314 0.229219690 -0.011403049 0.973307908 80.864379883
0.969997287 0.035631869 -0.240490541 -83.357521057 -0.033246685 0.999349535 0.013969367 -0.456376404 0.240831867 -0.005554736 0.970550954 81.579490662
0.966964722 0.035022940 -0.252492696 -83.558265686 -0.034936186 0.999377906 0.004828234 -0.459034234 0.252504736 0.004152399 0.967586756 82.285957336
0.963738620 0.032460913 -0.264866382 -83.764694214 -0.033672210 0.999432921 -0.000032861 -0.460555911 0.264715135 0.008950304 0.964285135 82.991241455
0.960324466 0.031234952 -0.277130425 -83.978469849 -0.031021586 0.999505401 0.005155386 -0.466236532 0.277154386 0.003646181 0.960818470 83.714088440
0.957027555 0.032399349 -0.288181454 -84.211418152 -0.030071795 0.999469578 0.012501246 -0.472118199 0.288433611 -0.003297905 0.957494199 84.444786072
0.953334153 0.032752261 -0.300135463 -84.432258606 -0.028789727 0.999430239 0.017616617 -0.471083432 0.300541461 -0.008153705 0.953733921 85.152786255
0.949273109 0.030521786 -0.312968016 -84.671051025 -0.026947904 0.999512911 0.015739622 -0.471002400 0.313295960 -0.006507368 0.949633241 85.862907410
0.945440054 0.028302683 -0.324564427 -84.918472290 -0.025885543 0.999595702 0.011763486 -0.475752354 0.324766129 -0.002720145 0.945790470 86.564735413
0.942451656 0.024730053 -0.333426625 -85.176795959 -0.024472935 0.999688148 0.004971952 -0.486658365 0.333445609 0.003474103 0.942762911 87.260513306
0.939767778 0.020937607 -0.341171712 -85.435676575 -0.022550624 0.999745429 -0.000762299 -0.492523432 0.341068894 0.008410018 0.940000713 87.948699951
0.937098444 0.020516982 -0.348461688 -85.699615479 -0.022866910 0.999735057 -0.002631565 -0.503656745 0.348315358 0.010434278 0.937319338 88.662223816
0.934064448 0.025789719 -0.356172055 -85.985397339 -0.028488273 0.999591410 -0.002332303 -0.518504441 0.355966359 0.012325249 0.934417486 89.362495422
0.930940568 0.025679484 -0.364266723 -86.271629333 -0.027609272 0.999618769 -0.000090310 -0.530628204 0.364125550 0.010141210 0.931294680 90.067680359
0.927786767 0.026237329 -0.372187287 -86.556968689 -0.025714533 0.999649048 0.006369154 -0.530876517 0.372223765 0.003661405 0.928135812 90.773475647
0.925146461 0.028685078 -0.378524959 -86.858894348 -0.024958223 0.999579668 0.014749382 -0.539858103 0.378788948 -0.004198029 0.925473571 91.485214233
0.922603309 0.038903009 -0.383783370 -87.173904419 -0.033275209 0.999219358 0.021295398 -0.540168285 0.384312242 -0.006876734 0.923177600 92.178993225
0.919900894 0.045329567 -0.389522225 -87.487663269 -0.041465968 0.998971820 0.018325981 -0.537130356 0.389952421 -0.000706171 0.920834720 92.869888306
0.917805135 0.042081308 -0.394794822 -87.807235718 -0.041103780 0.999095023 0.010937235 -0.539010406 0.394897789 0.006189309 0.918704212 93.561431885
0.915888846 0.034727234 -0.399927020 -88.110267639 -0.036362506 0.999332547 0.003500745 -0.542174757 0.399781674 0.011336056 0.916540325 94.249237061
0.914341509 0.035625577 -0.403373778 -88.441810608 -0.037589669 0.999288619 0.003050362 -0.547396541 0.403195500 0.012373615 0.915030181 94.957984924
0.911889791 0.040912036 -0.408391058 -88.756492615 -0.041165244 0.999118924 0.008173103 -0.552331090 0.408365607 0.009358549 0.912770510 95.656723022
0.909393787 0.043290094 -0.413677365 -89.085517883 -0.041776344 0.999046147 0.012709551 -0.558381915 0.413832992 0.005723940 0.910334826 96.361793518
0.907165587 0.039520815 -0.418913722 -89.407188416 -0.038605567 0.999197602 0.010664397 -0.566599607 0.418999046 0.006498025 0.907963455 97.056617737
0.904922307 0.038089961 -0.423868865 -89.746253967 -0.039881404 0.999193609 0.004646897 -0.576187015 0.423704058 0.012699403 0.905711651 97.750442505
0.902832687 0.035588294 -0.428516775 -90.085388184 -0.040306296 0.999185503 -0.001938165 -0.582081199 0.428098768 0.019021761 0.903531790 98.441070557
